1.0 -0.0 -0.0 -7.740675755485427e-06 0.0 -1.0 -0.0 -3.387339529581368e-05 0.0 -0.0 -1.0 -4.238564542902168e-06
1.0 -2.1572519472101703e-05 -1.9637014702311717e-05 3.418499181861989e-05 -2.1571839170064777e-05 -1.0 3.4658329241210595e-05 -3.828487388091162e-05 -1.9637764125945978e-05 -3.465790723566897e-05 -1.0 0.00018306079437024891
1.0 0.00023405958199873567 -8.481554800710001e-07 4.0655473299011646e-07 0.00023405964020639658 -1.0 8.455108036287129e-05 -1.628088102734182e-05 -8.283654437946097e-07 -8.455126953776926e-05 -1.0 2.3112217604648322e-05
0.9999998807907104 0.0005274952854961157 3.355828084750101e-05 -4.6299148380057886e-05 0.0005274899303913116 -1.0 0.00015966188220772892 -1.956068808794953e-05 3.364250005688518e-05 -0.00015964415797498077 -1.000000238418579 5.3210100304568186e-05
0.9999996423721313 0.0008646865026094019 7.941767398733646e-05 -9.413436782779172e-05 0.000864670320879668 -0.9999997615814209 0.0002042716514552012 3.160947380820289e-05 7.959427603054792e-05 -0.0002042029082076624 -1.000000238418579 -0.0004090624279342592
0.9999975562095642 0.002073880285024643 0.0007348207873292267 -4.917269689030945e-05 0.0020728548988699913 -0.9999971389770508 0.0013935159659013152 0.00023701295140199363 0.0007377084693871439 -0.0013919895282015204 -0.9999990463256836 0.00022727965551894158
0.9999992251396179 0.0012340644607320428 -7.106410976120969e-06 -0.00012663609231822193 0.0012340698158368468 -0.999998927116394 0.000829604861792177 9.878520359052345e-05 -6.082617346692132e-06 -0.0008296130108647048 -0.9999996423721313 0.00031901829061098397
0.9999991059303284 0.001341521623544395 -0.00010420930630061775 -1.5561803593300283e-05 0.0013416301226243377 -0.9999985694885254 0.0010491228895261884 0.00012797479575965554 -0.00010280172864440829 -0.001049261656589806 -0.9999995231628418 0.0002618081052787602
0.9999991059303284 0.001331862062215805 -0.00014952341734897345 1.0383223525423091e-05 0.0013320452999323606 -0.9999983310699463 0.0012321984395384789 0.00019731659267563373 -0.00014788204862270504 -0.0012323965784162283 -0.9999991655349731 0.00015089176304172724
0.9999994039535522 0.0010826840298250318 -0.00021823553834110498 7.348548388108611e-05 0.0010830041719600558 -0.9999982118606567 0.0014727440429851413 0.00022960032219998538 -0.00021664064843207598 -0.0014729794347658753 -0.9999988079071045 0.0003467714414000511
0.999997079372406 0.0023912948090583086 0.0003893462708219886 -2.3043328837957233e-05 0.002390611218288541 -0.9999954700469971 0.0017470327438786626 0.00012877161498181522 0.0003935222630389035 -0.001746096764691174 -0.9999982118606567 0.0003469213261269033
0.9999998211860657 0.000597088597714901 -0.00014397420454770327 -3.5854565794579685e-05 0.0005973925581201911 -0.9999977350234985 0.0021206014789640903 0.00022675438958685845 -0.00014270766405388713 -0.002120687160640955 -0.9999979734420776 0.0003197038604412228
0.9999997615814209 0.0006505408091470599 -4.149426968069747e-05 -3.919513619621284e-05 0.0006506420904770494 -0.9999966621398926 0.002489701844751835 0.00024083247990347445 -3.987448144471273e-05 -0.0024897283874452114 -0.9999969005584717 0.00020741118350997567
0.9999997019767761 0.0007681934512220323 6.015421240590513e-05 -6.313307676464319e-05 0.0007680219714529812 -0.9999958276748657 0.00280039687640965 0.00025086876121349633 6.230520375538617e-05 -0.0028003498446196318 -0.9999960660934448 0.0007459294283762574
0.9999997019767761 0.0007727283518761396 0.00013744126772508025 1.6866958958416944e-06 0.0007722812006250024 -0.9999945163726807 0.0032245717011392117 0.00014221582387108356 0.00013993223547004163 -0.003224464599043131 -0.9999947547912598 0.0010844029020518064
0.9999979138374329 0.0014490570174530149 0.0014427510323002934 -0.00024363344709854573 0.0014442281099036336 -0.9999935626983643 0.00334238656796515 0.0001695709361229092 0.0014475848292931914 -0.003340295748785138 -0.9999935626983643 0.000980168697424233
0.9999999403953552 -8.34084494272247e-05 0.00040129025001078844 -9.466572373639792e-05 -8.485819853376597e-05 -0.9999934434890747 0.0036140752490609884 0.00021180935436859727 0.0004009861731901765 -0.0036141087766736746 -0.9999934434890747 0.0005411062156781554
0.9999997019767761 -0.0005265799700282514 0.000546186463907361 -0.00015320919919759035 -0.000528644013684243 -0.9999922513961792 0.0037858460564166307 0.0002354849420953542 0.0005441888934001327 -0.003786133835092187 -0.9999922513961792 0.0006047537317499518
0.9999995827674866 -0.0007697269320487976 0.0005455100908875465 -2.7484840757097118e-05 -0.0007718255510553718 -0.9999920129776001 0.003857305506244302 0.00026407797122374177 0.0005425368435680866 -0.0038577246014028788 -0.9999921321868896 0.0009406314929947257
0.9999995827674866 -0.0006504366174340248 0.0006387833273038268 -6.885045149829239e-05 -0.0006529693491756916 -0.9999916553497314 0.003972700797021389 0.0003000994329340756 0.000636194134131074 -0.0039731161668896675 -0.9999916553497314 0.0007062479853630066
0.9999972581863403 0.002201812108978629 0.0007682944997213781 -0.00013740549911744893 0.0021992099937051535 -0.9999914169311523 0.0033712766598910093 1.2974183846381493e-05 0.0007757112034596503 -0.0033695779275149107 -0.9999935626983643 0.0010514030000194907
0.9999995231628418 -0.0007698762346990407 0.0006259156507439911 -6.707175634801388e-05 -0.0007724416791461408 -0.9999910593032837 0.00410880334675312 0.00025342064327560365 0.0006227469420991838 -0.004109284840524197 -0.9999910593032837 0.0006526920478790998
0.9999993443489075 -0.0009489065269008279 0.0006277157226577401 -9.466295159654692e-05 -0.0009514850098639727 -0.9999910593032837 0.004120191093534231 0.00025302532594650984 0.0006238004425540566 -0.004120785277336836 -0.9999912977218628 0.0005123824230395257
0.9999993443489075 -0.0008905126014724374 0.0006923498585820198 -0.00027180564939044416 -0.0008933043573051691 -0.9999914169311523 0.004042456392198801 0.0003012061642948538 0.0006887440104037523 -0.004043071996420622 -0.9999915361404419 0.0006977295852266252
0.9999997019767761 -0.0005117530818097293 0.0005306334933266044 -0.00012294724001549184 -0.0005137967527844012 -0.9999920129776001 0.0038583329878747463 0.00039233179995790124 0.0005286550149321556 -0.0038586044684052467 -0.9999920129776001 0.00025631298194639385
0.9999974370002747 0.0022434259299188852 0.000291756063234061 -0.000218197688809596 0.0022423306945711374 -0.999990701675415 0.003701205598190427 0.00022958862246014178 0.0003000567085109651 -0.0037005420308560133 -0.9999933242797852 0.0008528460748493671
0.9999998211860657 0.0003324207791592926 0.0004613466444425285 -0.00029753631679341197 0.00033065894967876375 -0.9999926090240479 0.003813723335042596 0.00022967731638345867 0.0004626110312528908 -0.0038135701324790716 -0.9999924898147583 0.0003535513242240995
0.9999996423721313 0.0008225779747590423 0.0002985524188261479 -0.00021651433780789375 0.0008215049747377634 -0.999992847442627 0.003576544811949134 0.00027862019487656653 0.0003014923713635653 -0.0035762980114668608 -0.9999932050704956 0.0009076343267224729
0.9999995231628418 0.0009477967978455126 0.0002471093030180782 -0.0003344972792547196 0.000946944986935705 -0.9999939203262329 0.0034249064046889544 0.0001872995781013742 0.0002503538562450558 -0.0034246707800775766 -0.9999943971633911 0.0009025284089148045
0.9999997019767761 0.0007296803523786366 9.681039227871224e-05 -0.00032166962046176195 0.0007293747621588409 -0.9999948740005493 0.00311965006403625 0.00012218144547659904 9.908623906085268e-05 -0.003119578817859292 -0.9999951124191284 0.0008887342410162091
0.9999995827674866 0.0008973476942628622 0.00020179730199743062 -0.0005814554169774055 0.0008969279006123543 -0.999997615814209 0.002070667454972863 0.0002002590917982161 0.0002036548830801621 -0.002070485381409526 -0.9999980926513672 0.0008443307015113533
1.0 -0.0001036889516399242 -9.829657210502774e-05 -0.0004081382357981056 -0.00010346253839088604 -0.9999973773956299 0.0023006550036370754 0.00012726863496936858 -9.853485971689224e-05 -0.0023006447590887547 -0.9999973773956299 0.0012109086383134127
1.0 7.002220809226856e-05 -0.00022441720648203045 -0.0004504415555857122 7.043213554425165e-05 -0.9999983310699463 0.0018271435983479023 0.00015137236914597452 -0.0002242888876935467 -0.0018271594308316708 -0.9999983310699463 0.00099928118288517
0.9999998211860657 0.00027951138326898217 -0.000513310544192791 -0.0002672610862646252 0.0002801865339279175 -0.9999992847442627 0.0013156725326552987 0.00017147020844276994 -0.0005129423225298524 -0.0013158161891624331 -0.9999990463256836 0.0009598297765478492
0.9999997019767761 0.000561505788937211 -0.0005034084315411747 -0.0005497512756846845 0.000561940367333591 -0.9999995231628418 0.0008635615813545883 0.00015549032832495868 -0.0005029232124798 -0.0008638442377559841 -0.9999995231628418 0.0005007974104955792
0.9999976754188538 0.002001840388402343 -0.0008117803372442722 -0.0003952282131649554 0.0020020699594169855 -0.9999979734420776 0.0002821029629558325 -8.452433394268155e-05 -0.0008112139767035842 -0.00028372753877192736 -0.9999996423721313 0.000552374345716089
0.9999976754188538 0.0019412143155932426 -0.0009209397248923779 -0.0004541895177680999 0.0019413107074797153 -0.9999983310699463 0.00010368448420194909 7.083010132191703e-05 -0.0009207366965711117 -0.00010547207057243213 -0.9999997615814209 0.0009054802940227091
0.9999962449073792 0.002441069111227989 -0.0012310388265177608 -0.0002934795047622174 0.002440666314214468 -0.9999971389770508 -0.000328763882862404 3.664683026727289e-05 -0.0012318376684561372 0.00032575809746049345 -0.9999994039535522 0.0005127125768922269
0.9999960064888 0.0025820413138717413 -0.0011739609763026237 -0.0007276820833794773 0.0025812017265707254 -0.9999964237213135 -0.0007159688393585384 -3.664241376100108e-05 -0.0011758054606616497 0.0007129357545636594 -0.9999990463256836 0.0006862411973997951
0.9999944567680359 0.002909646835178137 -0.001600666088052094 -0.00040326008456759155 0.002907748334109783 -0.9999948740005493 -0.0011871813330799341 -0.00014049475430510938 -0.0016041124472394586 0.001182520529255271 -0.9999977350234985 0.000442122487584129
0.9999948143959045 0.002380450488999486 -0.002167942002415657 -0.0003586205712053925 0.0023765412624925375 -0.9999954700469971 -0.0018039809074252844 -0.00018399706459604204 -0.0021722265519201756 0.0017988192848861217 -0.9999959468841553 0.0012123887427151203
0.9999955892562866 0.0021964702755212784 -0.00198554340749979 -0.0006206492544151843 0.0021918551065027714 -0.9999951124191284 -0.0023235708940774202 -8.602419256931171e-05 -0.0019906368106603622 0.0023192085791379213 -0.9999954700469971 0.0005643096519634128
0.9999958872795105 0.0017225071787834167 -0.0022898095194250345 -0.0007058256887830794 0.0017162493895739317 -0.9999945163726807 -0.0027320077642798424 -0.0001835973816923797 -0.0022945033852010965 0.002728066872805357 -0.9999933242797852 0.000581683125346899
0.9999954104423523 0.0013559871586039662 -0.002710483968257904 -0.0006037700804881752 0.0013472161954268813 -0.9999936819076538 -0.003235169220715761 -0.00016770132060628384 -0.002714854199439287 0.0032315026037395 -0.9999909400939941 0.0007960823131725192
0.9999949932098389 0.0012763893464580178 -0.00290314550511539 -0.0008480934193357825 0.0012659089406952262 -0.9999924898147583 -0.003609019797295332 -0.0001893927255878225 -0.002907730871811509 0.0036053266376256943 -0.9999891519546509 0.0008973197545856237
0.9999904632568359 0.002824505092576146 -0.003327788785099983 -0.0006320435204543173 0.0028153525199741125 -0.9999920129776001 -0.002751897322013974 -0.0003294706402812153 -0.0033355355262756348 0.0027425021398812532 -0.9999903440475464 0.0012966832146048546
0.9999917149543762 0.001945733092725277 -0.0035702181048691273 -0.0009076269343495369 0.0019310354255139828 -0.99998939037323 -0.004115599673241377 -0.0002715872251428664 -0.003578189294785261 0.004108671564608812 -0.999984860420227 0.0010151435853913426
0.9999884963035583 0.0026331362314522266 -0.004016431048512459 -0.0007672126521356404 0.0026152734644711018 -0.9999868869781494 -0.004446186125278473 -0.00025065953377634287 -0.004028084687888622 0.004435630515217781 -0.9999822378158569 0.0008840776863507926
0.9999842047691345 0.0035640897694975138 -0.004350379575043917 -0.0007393998093903065 0.0035442642401903868 -0.9999834299087524 -0.0045564123429358006 -0.0003161355562042445 -0.004366546403616667 0.004540921654552221 -0.9999802112579346 0.0011284737847745419
0.9999809861183167 0.004113378934562206 -0.004587912000715733 -0.0007948639686219394 0.004092038609087467 -0.9999808073043823 -0.004651075694710016 -0.0003035845293197781 -0.00460695568472147 0.004632213618606329 -0.9999786615371704 0.0008499921532347798
0.9999790191650391 0.0045956894755363464 -0.004568235017359257 -0.0008399837533943355 0.004582123830914497 -0.9999850988388062 -0.0029756019357591867 -0.00024342522374354303 -0.004581841640174389 0.00295460713095963 -0.9999850988388062 0.0011067030718550086
0.999976634979248 0.004597368184477091 -0.0050541409291327 -0.0009144305367954075 0.004573808517307043 -0.9999786615371704 -0.0046632662415504456 -0.00036186209763400257 -0.005075471941381693 0.004640040919184685 -0.9999762773513794 0.0005995989195071161
0.9999753832817078 0.004685673397034407 -0.005226230714470148 -0.0009746383875608444 0.004661340732127428 -0.9999784231185913 -0.004658406600356102 -0.00030563041218556464 -0.005247945431619883 0.004633930511772633 -0.9999756813049316 0.0008951382478699088
0.9999754428863525 0.004523073323071003 -0.005354819353669882 -0.0010969663271680474 0.004499203525483608 -0.9999799728393555 -0.004461338743567467 -0.0004257535911165178 -0.005374891217797995 0.004437136463820934 -0.9999756813049316 0.0008203261531889439
0.9999745488166809 0.0042429715394973755 -0.005738598294556141 -0.0008298883913084865 0.00421738438308239 -0.999981164932251 -0.004463540390133858 -0.0003522362094372511 -0.005757428705692291 0.004439224489033222 -0.9999735355377197 0.0007247051689773798
0.9999793767929077 0.003615407273173332 -0.005312495864927769 -0.0010429455433040857 0.003599777352064848 -0.9999891519546509 -0.002948709996417165 -0.000180684874067083 -0.005323098972439766 0.0029295252170413733 -0.9999815225601196 0.0008420561207458377
0.999976634979248 0.003446119138970971 -0.005907658487558365 -0.0009219868225045502 0.003421502886340022 -0.9999858140945435 -0.004171865992248058 -0.00027973303804174066 -0.005921949632465839 0.004151555709540844 -0.9999741315841675 0.0006404681480489671
0.9999759197235107 0.0035633521620184183 -0.005957962013781071 -0.0009284068364650011 0.0035402157809585333 -0.9999861717224121 -0.0038893045857548714 -0.00026766216615214944 -0.005971738137304783 0.003868118394166231 -0.9999747276306152 0.0009130681864917278
0.9999752044677734 0.0036805709823966026 -0.006008297670632601 -0.0009348144521936774 0.0036589428782463074 -0.9999866485595703 -0.003606748301535845 -0.00025566929252818227 -0.0060214935801923275 0.003584674559533596 -0.9999752044677734 0.001185671892017126
0.999975860118866 0.0035205138847231865 -0.005995087791234255 -0.0009226611582562327 0.003501132596284151 -0.9999884366989136 -0.0032402779906988144 -0.0002616886340547353 -0.006006426643580198 0.0032192100770771503 -0.999976634979248 0.0009076771675609052
0.9999759197235107 0.0034960713237524033 -0.005994932726025581 -0.0008731749840080738 0.0034839757718145847 -0.9999918937683105 -0.002026911126449704 -0.00016091056750155985 -0.006001969799399376 0.002005975926294923 -0.9999799728393555 0.0009183085639961064
0.9999788403511047 0.002602796535938978 -0.00596479419618845 -0.000818595988675952 0.0025908714160323143 -0.9999946355819702 -0.00200607324950397 -0.00017230134108103812 -0.005969983525574207 0.001990576973184943 -0.9999802112579346 0.0005303835496306419
0.999979555606842 0.002623914508149028 -0.00582650164142251 -0.0009709616424515843 0.002616397337988019 -0.9999958276748657 -0.0012973856646567583 -0.00014679055311717093 -0.00582988141104579 0.0012821147684007883 -0.9999823570251465 0.0008745050290599465
0.9999784231185913 0.0027175249997526407 -0.005983661860227585 -0.0006631144788116217 0.002713353605940938 -0.9999961853027344 -0.0007051702123135328 7.257534662130638e-07 -0.0059855543076992035 0.0006889192154631019 -0.9999819993972778 0.0006632794975303113
0.9999808073043823 0.002382806735113263 -0.005718081723898649 -0.0010214446811005473 0.002382872859016061 -0.9999970197677612 4.718773652712116e-06 3.507505880406825e-06 -0.005718053784221411 -1.8344144336879253e-05 -0.999983549118042 0.0010671588825061917
0.9999817609786987 0.0024798254016786814 -0.0055046710185706615 -0.000927075045183301 0.0024875777307897806 -0.9999960660934448 0.0014018871588632464 -5.9542398958001286e-05 -0.005501172039657831 -0.0014155550161376595 -0.9999840259552002 0.0005679522873833776
0.9999819993972778 0.0017989902989938855 -0.005721219815313816 -0.0009038925054483116 0.0018068313365802169 -0.9999972581863403 0.0013656563824042678 1.9926648747059517e-05 -0.005718748085200787 -0.0013759691501036286 -0.9999825954437256 0.0009592219139449298
0.9999823570251465 0.001722122891806066 -0.005687694065272808 -0.0008900619577616453 0.0017330272821709514 -0.9999966621398926 0.0019128303974866867 0.00015348647139035165 -0.005684381350874901 -0.0019226535223424435 -0.9999819993972778 0.0006061279564164579
0.9999827146530151 0.0017943659331649542 -0.005604040343314409 -0.0009411387727595866 0.0018089576624333858 -0.9999949932098389 0.002599813509732485 0.00014523752906825393 -0.005599347408860922 -0.0026099057868123055 -0.9999809265136719 0.000728827144484967
0.9999821186065674 0.0019795456901192665 -0.005646183621138334 -0.0007932035368867218 0.0019972468726336956 -0.999993085861206 0.0031311565544456244 0.0002823778777383268 -0.005639946553856134 -0.0031423771288245916 -0.9999791383743286 0.0010313279926776886
0.9999860525131226 0.0020261749159544706 -0.0048833186738193035 -0.0009198826155625284 0.002043480286374688 -0.9999915361404419 0.0035414043813943863 0.0004022370558232069 -0.004876102786511183 -0.003551333677023649 -0.9999816417694092 0.00044306868221610785
0.9999831318855286 0.0013928978005424142 -0.005640006624162197 -0.0007894402369856834 0.0014167636400088668 -0.9999902248382568 0.00422975979745388 0.00027044053422287107 -0.005634059198200703 -0.004237678833305836 -0.999975323677063 0.0008240619790740311
0.9999839663505554 0.0008958821999840438 -0.005589515436440706 -0.0009465010371059179 0.0009216468897648156 -0.9999887943267822 0.004608592484146357 0.00035003249649889767 -0.005585324484854937 -0.00461367005482316 -0.9999735355377197 0.0010491120629012585
0.9999831318855286 0.000627415778581053 -0.005771023221313953 -0.0007436284213326871 0.000656942545901984 -0.9999866485595703 0.005115909036248922 0.0002751633001025766 -0.005767736583948135 -0.005119613837450743 -0.9999701976776123 0.0009321534307673573
0.9999828934669495 0.000477493362268433 -0.005825264845043421 -0.0007404203061014414 0.0005091279745101929 -0.9999852180480957 0.005430317018181086 0.0003907407517544925 -0.005822585429996252 -0.005433190148323774 -0.999968409538269 0.0009808322647586465
0.9999838471412659 0.0007742877933196723 -0.005630205385386944 -0.0008139119017869234 0.0008037371444515884 -0.999985933303833 0.005230219569057226 0.00017489615129306912 -0.005626076832413673 -0.005234660115092993 -0.9999704360961914 0.001087730284780264
0.999983012676239 0.00026991497725248337 -0.005823623854666948 -0.0008930236799642444 0.0003044906188733876 -0.9999823570251465 0.005937069188803434 0.0003698612854350358 -0.005821918603032827 -0.005938741844147444 -0.9999654293060303 0.0005781453801319003
0.999983012676239 7.595760689582676e-05 -0.005832479801028967 -0.0009687158744782209 0.00011142354924231768 -0.9999815225601196 0.006080680526793003 0.00041131695616059005 -0.005831909831613302 -0.006081227213144302 -0.9999645948410034 0.0003714762278832495
0.999982476234436 -0.0004911256837658584 -0.005899710115045309 -0.001106002600863576 -0.00045472115743905306 -0.9999806880950928 0.006170322652906179 0.0003993013233412057 -0.005902627948671579 -0.006167531479150057 -0.9999634027481079 0.0006893773679621518
0.999981164932251 -0.0011218652362003922 -0.006030342075973749 -0.0011432735482230783 -0.0010847147786989808 -0.9999804496765137 0.0061603328213095665 0.0004873360157944262 -0.0060371351428329945 -0.006153675727546215 -0.9999628067016602 0.0009072870598174632
0.9999740719795227 -0.003009029431268573 -0.006545720621943474 -0.001310879597440362 -0.0029715022537857294 -0.9999792575836182 0.005735266488045454 0.0002679736353456974 -0.006562842056155205 -0.005715666804462671 -0.999962329864502 0.0013796461280435324
0.9999715685844421 -0.0035153364297002554 -0.006675276905298233 -0.001314041786827147 -0.0034750893246382475 -0.9999758005142212 0.006031348370015621 0.0005406251875683665 -0.006696317344903946 -0.00600797962397337 -0.9999595880508423 0.00046249988372437656
0.9999640583992004 -0.004748528823256493 -0.007022967096418142 -0.0015745720593258739 -0.004706257022917271 -0.9999704360961914 0.006023412104696035 0.0005105521995574236 -0.007051364053040743 -0.005990143399685621 -0.9999568462371826 0.0003402976435609162
0.9999546408653259 -0.005801038350909948 -0.007556110620498657 -0.0015480436850339174 -0.005755992140620947 -0.9999655485153198 0.005969758611172438 0.0005245543434284627 -0.007590482011437416 -0.005925994832068682 -0.9999535083770752 0.0005175998667255044
0.999943733215332 -0.006979128811508417 -0.007986803539097309 -0.0016836413415148854 -0.006931327749043703 -0.9999579191207886 0.005997166037559509 0.0004503418458625674 -0.008028323762118816 -0.005941469222307205 -0.9999500513076782 0.0005128657794557512
0.9999098777770996 -0.009864307008683681 -0.009107513353228569 -0.0019690582994371653 -0.009812374599277973 -0.9999351501464844 0.005729308817535639 0.0005558853736147285 -0.009163441136479378 -0.005639425944536924 -0.9999418258666992 0.0008921995759010315
0.9999058842658997 -0.010236211121082306 -0.009132422506809235 -0.002194985980167985 -0.010184429585933685 -0.999932050704956 0.005698711145669222 0.000584021327085793 -0.009190134704113007 -0.005605166312307119 -0.9999421834945679 0.000718643597792834
0.9998766183853149 -0.012169922702014446 -0.009929711930453777 -0.002122908364981413 -0.012113080359995365 -0.9999098777770996 0.005764604080468416 0.0004442311474122107 -0.009998972527682781 -0.0056436131708323956 -0.9999339580535889 0.0005002900725230575
0.9998395442962646 -0.014484155923128128 -0.010539114475250244 -0.0025350963696837425 -0.014427874237298965 -0.999881386756897 0.005396923050284386 0.0007384421187452972 -0.010616034269332886 -0.005243999883532524 -0.9999300241470337 0.0003837166877929121
0.9997977018356323 -0.016621574759483337 -0.011327113024890423 -0.0027276198379695415 -0.016560137271881104 -0.9998478889465332 0.005496285390108824 0.000607212248723954 -0.011416745372116566 -0.005307594779878855 -0.9999209642410278 0.00024873806978575885
0.9996822476387024 -0.02127404697239399 -0.013521687127649784 -0.0027679188642650843 -0.021185582503676414 -0.9997533559799194 0.006652465555816889 0.0008318700129166245 -0.013659878633916378 -0.006363886874169111 -0.9998863935470581 0.00018004720914177597
0.9996868371963501 -0.021177975460886955 -0.01333015039563179 -0.0030389251187443733 -0.02110935188829899 -0.9997631311416626 0.005267961882054806 0.0008515834924764931 -0.01343856006860733 -0.0049849217757582664 -0.9998971223831177 0.0009295992786064744
0.9996187686920166 -0.02365761063992977 -0.014236983843147755 -0.003343187738209963 -0.02358168549835682 -0.9997069835662842 0.005477396305650473 0.0006676551420241594 -0.014362393878400326 -0.005139575805515051 -0.9998836517333984 0.0007899629999883473
0.9995474219322205 -0.025777773931622505 -0.015506711788475513 -0.003075712127611041 -0.02568621002137661 -0.9996516704559326 0.0060753305442631245 0.0006486313068307936 -0.01565791852772236 -0.005674272309988737 -0.9998613595962524 0.0008416619966737926
0.9994884133338928 -0.02744017168879509 -0.016429821029305458 -0.003361989976838231 -0.027337834239006042 -0.9996055364608765 0.00642132293432951 0.0009695576736703515 -0.016599545255303383 -0.005968881770968437 -0.9998443126678467 0.0002567846386227757
0.9994795322418213 -0.026757042855024338 -0.018018577247858047 -0.003241270547732711 -0.026590213179588318 -0.9996017217636108 0.009435690008103848 0.0012953151017427444 -0.01826387643814087 -0.008951661176979542 -0.9997929334640503 0.0005992144579067826
0.9993923306465149 -0.029412971809506416 -0.018705330789089203 -0.003276101080700755 -0.029265092685818672 -0.9995385408401489 0.008130945265293121 0.0008288724930025637 -0.018935855478048325 -0.007578590884804726 -0.9997919797897339 0.00034686666913330555
0.9993690252304077 -0.029667427763342857 -0.01953059807419777 -0.0036493074148893356 -0.029497357085347176 -0.999524712562561 0.008939136750996113 0.0010136943310499191 -0.019786521792411804 -0.0083573954179883 -0.9997692108154297 0.0008809806895442307
0.9993500709533691 -0.029483405873179436 -0.020740656182169914 -0.0034088194370269775 -0.029282590374350548 -0.9995217323303223 0.009920278564095497 0.0010652515338733792 -0.02102322317659855 -0.009306490421295166 -0.9997354745864868 0.001194999204017222
0.9993472099304199 -0.028921272605657578 -0.021648846566677094 -0.0036184671334922314 -0.02868613228201866 -0.9995266199111938 0.01109455619007349 0.001042829593643546 -0.021959472447633743 -0.010466291569173336 -0.9997037649154663 0.0018112481338903308
0.9993646740913391 -0.027309734374284744 -0.022899720817804337 -0.0036375499330461025 -0.02700771391391754 -0.9995454549789429 0.01339607685804367 0.001283355406485498 -0.023255154490470886 -0.012769097462296486 -0.9996479749679565 0.001035274239256978
0.9993188381195068 -0.02811572141945362 -0.023903369903564453 -0.003515660297125578 -0.0277846809476614 -0.9995148181915283 0.014070254750549793 0.0011504202848300338 -0.02428736910223961 -0.013396522961556911 -0.9996151924133301 0.0014248769730329514
0.999302089214325 -0.027842096984386444 -0.02490261010825634 -0.003664655378088355 -0.02745993435382843 -0.9995014667510986 0.015558931045234203 0.0012028836645185947 -0.025323396548628807 -0.014864248223602772 -0.9995684623718262 0.0011945085134357214
0.9992817640304565 -0.02755223773419857 -0.026015711948275566 -0.003745158901438117 -0.027112973853945732 -0.9994863271713257 0.01708906888961792 0.0012036786647513509 -0.026473188772797585 -0.016371432691812515 -0.9995155334472656 0.0014350524870678782
0.9992601275444031 -0.027325261384248734 -0.027065137401223183 -0.003925396129488945 -0.02682938426733017 -0.9994684457778931 0.01851843111217022 0.0013040786143392324 -0.0275567714124918 -0.017778588458895683 -0.9994621276855469 0.0017756865127012134
0.9992337226867676 -0.0262992512434721 -0.028988294303417206 -0.0040235938504338264 -0.025732198730111122 -0.9994736909866333 0.01976395957171917 0.001656851265579462 -0.029492810368537903 -0.0190028827637434 -0.9993845224380493 0.0009176503517664969
0.9991894364356995 -0.027167290449142456 -0.029705533757805824 -0.0038158888928592205 -0.026553910225629807 -0.9994299411773682 0.02085183560848236 0.00149959372356534 -0.030255084857344627 -0.020046137273311615 -0.9993412494659424 0.001667749835178256
0.9991512298583984 -0.027198368683457375 -0.030936995521187782 -0.004076487384736538 -0.026527566835284233 -0.9994083642959595 0.021890558302402496 0.001591807114891708 -0.03151407837867737 -0.02105129510164261 -0.999281644821167 0.0015196861932054162
0.999119758605957 -0.026673974469304085 -0.032375287264585495 -0.004032449331134558 -0.025937335565686226 -0.9993999004364014 0.02296382188796997 0.0016003937926143408 -0.032968390733003616 -0.02210387960076332 -0.9992121458053589 0.0014341039350256324
0.9990860223770142 -0.026109684258699417 -0.033844027668237686 -0.003986012656241655 -0.025320682674646378 -0.9994022846221924 0.02353552356362343 0.0016364895273000002 -0.034438300877809525 -0.022657059133052826 -0.9991500377655029 0.00125851109623909
0.9990631937980652 -0.025509851053357124 -0.03495614230632782 -0.0043037887662649155 -0.024689478799700737 -0.9994142055511475 0.02370273508131504 0.001527189277112484 -0.03554031252861023 -0.02281748317182064 -0.999107837677002 0.001218602410517633
0.9990128874778748 -0.024940218776464462 -0.036759596318006516 -0.004304396454244852 -0.024038009345531464 -0.9994038343429565 0.02478450909256935 0.001420427579432726 -0.037355806678533554 -0.02387641742825508 -0.9990168809890747 0.0014149538474157453
0.9989766478538513 -0.024415727704763412 -0.03807251155376434 -0.004469434265047312 -0.023462150245904922 -0.9994044303894043 0.02529522031545639 0.0013007823145017028 -0.03866744786500931 -0.024376071989536285 -0.9989546537399292 0.0015979211311787367
0.9989330768585205 -0.023800423368811607 -0.039575252681970596 -0.004339076578617096 -0.02280060388147831 -0.9994140863418579 0.025526050478219986 0.0014549328479915857 -0.040159594267606735 -0.024596478790044785 -0.9988905191421509 0.0017909564776346087
0.9988895654678345 -0.023618536069989204 -0.04076506569981575 -0.004739596042782068 -0.022569602355360985 -0.9994066953659058 0.02600247412919998 0.001274464768357575 -0.041355032473802567 -0.02505354955792427 -0.9988299608230591 0.0015776950167492032
0.9987722039222717 -0.02552761510014534 -0.0424547903239727 -0.00496686203405261 -0.02445846050977707 -0.9993749856948853 0.025515049695968628 0.0010871491394937038 -0.04307960346341133 -0.024445343762636185 -0.9987722635269165 0.0016360525041818619
0.9987573027610779 -0.023974036797881126 -0.04369347169995308 -0.004685550928115845 -0.022848809137940407 -0.9993988275527954 0.026072798296809196 0.0012771368492394686 -0.04429227486252785 -0.025042055174708366 -0.9987046718597412 0.001736520673148334
0.998695433139801 -0.02410321682691574 -0.04501690715551376 -0.0048730941489338875 -0.02295028418302536 -0.9993994235992432 0.025954727083444595 0.0012595512671396136 -0.04561547189950943 -0.02488771453499794 -0.9986487627029419 0.00177700724452734
0.9986254572868347 -0.024540863931179047 -0.04631386324763298 -0.005089529789984226 -0.023348242044448853 -0.9993859529495239 0.02611854486167431 0.00089262641267851 -0.046926405280828476 -0.025001296773552895 -0.9985852241516113 0.0022415004204958677
0.998550534248352 -0.024859197437763214 -0.04773697629570961 -0.005109033081680536 -0.023633025586605072 -0.9993802309036255 0.026080958545207977 0.0007240939303301275 -0.04835575446486473 -0.02491498738527298 -0.9985191822052002 0.00289350189268589
0.998458743095398 -0.02602234110236168 -0.0490201972424984 -0.005229281727224588 -0.02484375238418579 -0.9993911981582642 0.024500776082277298 0.00096941611263901 -0.04962791129946709 -0.02324516698718071 -0.9984973669052124 0.002240124624222517
0.9984033703804016 -0.025376157835125923 -0.05046600475907326 -0.005196389276534319 -0.024108635261654854 -0.9993820190429688 0.025568516924977303 0.0006777734961360693 -0.05108366534113884 -0.02431102655827999 -0.9983983039855957 0.0025562818627804518
0.9983301162719727 -0.025382697582244873 -0.05189171060919762 -0.005085202399641275 -0.02410728856921196 -0.9993953704833984 0.025058245286345482 0.0008644356275908649 -0.052496377378702164 -0.023765431717038155 -0.9983384609222412 0.0029199235141277313
0.9982601404190063 -0.025577964261174202 -0.05312645062804222 -0.005271479021757841 -0.024284740909934044 -0.9993962049484253 0.024847010150551796 0.0007576594362035394 -0.053729910403490067 -0.023513616994023323 -0.9982786178588867 0.0029887501150369644
0.9982081651687622 -0.025510191917419434 -0.054127104580402374 -0.005469687283039093 -0.024200938642024994 -0.9994015693664551 0.024707717821002007 0.0006308411830104887 -0.05472502112388611 -0.023353518918156624 -0.9982281923294067 0.0028422491159290075
0.9981861710548401 -0.023877223953604698 -0.055265363305807114 -0.0053662764839828014 -0.022588612511754036 -0.9994609355926514 0.023825274780392647 0.00021553585247602314 -0.05580445006489754 -0.022533690556883812 -0.9981875419616699 0.00271172565408051
0.9981305599212646 -0.023879559710621834 -0.05625956505537033 -0.0055425697937607765 -0.022540004923939705 -0.9994499683380127 0.024325767531991005 0.0005496286321431398 -0.05680950731039047 -0.023012200370430946 -0.9981198310852051 0.0022867547813802958
0.9981026649475098 -0.023057233542203903 -0.05709188058972359 -0.005893380846828222 -0.02168990671634674 -0.9994653463363647 0.024454595521092415 0.0001679012639215216 -0.05762523040175438 -0.023169877007603645 -0.998069167137146 0.0024176028091460466
0.9980672597885132 -0.02203775756061077 -0.058104272931814194 -0.005958270281553268 -0.020655540749430656 -0.9994914531707764 0.024282868951559067 7.750406803097576e-05 -0.05860987678170204 -0.02303576096892357 -0.9980149269104004 0.0028394940309226513
0.9980249404907227 -0.020886462181806564 -0.05924466624855995 -0.005822767503559589 -0.019497361034154892 -0.9995235204696655 0.023928869515657425 0.00016298977425321937 -0.059716228395700455 -0.022726494818925858 -0.9979566335678101 0.0034283173736184835
0.9979849457740784 -0.01938076689839363 -0.06041847541928291 -0.005954073276370764 -0.0179748572409153 -0.9995570182800293 0.02372688055038452 -0.00010215571091976017 -0.06085154786705971 -0.02259305864572525 -0.9978913068771362 0.0032987245358526707
0.9979556202888489 -0.018684282898902893 -0.06111810728907585 -0.006006653420627117 -0.017277374863624573 -0.9995752573013306 0.02346757985651493 6.523814954562113e-05 -0.06153062358498573 -0.02236364223062992 -0.9978545904159546 0.0035187865141779184
0.9979326128959656 -0.017650611698627472 -0.06179804727435112 -0.00642513670027256 -0.01622980833053589 -0.99959397315979 0.023418063297867775 -0.00017126818420365453 -0.06218630447983742 -0.022366678342223167 -0.9978138208389282 0.003189421258866787
0.9978963732719421 -0.01637367531657219 -0.0627278983592987 -0.006450782995671034 -0.014956098049879074 -0.9996234178543091 0.023002125322818756 -7.194386125775054e-05 -0.06308090686798096 -0.02201557159423828 -0.9977655410766602 0.0032435418106615543
0.9978505373001099 -0.015491423197090626 -0.06367400288581848 -0.006353165488690138 -0.014052857644855976 -0.999637246131897 0.022978780791163445 -0.0003962440532632172 -0.06400687992572784 -0.02203458733856678 -0.9977061748504639 0.0031910580582916737
0.9978180527687073 -0.014908667653799057 -0.06431807577610016 -0.006164039019495249 -0.013517659157514572 -0.9996664524078369 0.022008253261446953 -0.0002898038364946842 -0.06462472677230835 -0.021090803667902946 -0.9976867437362671 0.0038386366795748472
0.9977712035179138 -0.014242911711335182 -0.06519057601690292 -0.006614804267883301 -0.012803085148334503 -0.9996657371520996 0.022451158612966537 -0.0005663401097990572 -0.06548856943845749 -0.021566476672887802 -0.9976199865341187 0.003933783154934645
0.9977185726165771 -0.01409311592578888 -0.06602322310209274 -0.006549048237502575 -0.012660225853323936 -0.9996762275695801 0.022071195766329765 -0.0006419717683456838 -0.06631290167570114 -0.021184971556067467 -0.997573971748352 0.003785901702940464
0.9976869225502014 -0.013713542371988297 -0.06657922267913818 -0.006842790171504021 -0.01230679266154766 -0.9996932744979858 0.02149333618581295 -0.0005325608071871102 -0.06685355305671692 -0.020624244585633278 -0.9975496530532837 0.0035291616804897785
0.9976463317871094 -0.012829851359128952 -0.06735845655202866 -0.0067146895453333855 -0.011437453329563141 -0.9997138977050781 0.021016597747802734 -0.0005967902834527194 -0.06760881096124649 -0.02019672468304634 -0.9975075721740723 0.004013524390757084
0.9976592659950256 -0.012518986128270626 -0.06722535938024521 -0.007057533599436283 -0.01118470449000597 -0.9997338056564331 0.0201877411454916 -0.0006340548279695213 -0.06746018677949905 -0.01938859187066555 -0.9975337982177734 0.003619022900238633
0.9975892305374146 -0.011383249424397945 -0.06845533847808838 -0.006933237891644239 -0.01001762319356203 -0.9997446537017822 0.020259464159607887 -0.0008444067207165062 -0.06866846978664398 -0.019524862989783287 -0.9974485635757446 0.0041041299700737
0.997564971446991 -0.011168410070240498 -0.06884297728538513 -0.007212924305349588 -0.009819197468459606 -0.999753475189209 0.01990574412047863 -0.0009714979096315801 -0.06904833018779755 -0.01918129064142704 -0.9974287748336792 0.004543232265859842
0.9975217580795288 -0.011197065003216267 -0.06946228444576263 -0.007116836495697498 -0.009876797907054424 -0.9997646808624268 0.019321383908391 -0.0009541328181512654 -0.06966227293014526 -0.01858743466436863 -0.9973975419998169 0.004598821047693491
0.9974879026412964 -0.011107098311185837 -0.06996086984872818 -0.007215529214590788 -0.009811535477638245 -0.9997749328613281 0.018834898248314857 -0.0010176332434639335 -0.07015428692102432 -0.0181011613458395 -0.9973725080490112 0.004841390531510115
0.9975058436393738 -0.01020585373044014 -0.06984185427427292 -0.007570914924144745 -0.009016558527946472 -0.9998093843460083 0.017322536557912827 -0.0010657733073458076 -0.07000532001256943 -0.016649600118398666 -0.9974076747894287 0.004934906028211117
0.9974431395530701 -0.010723215527832508 -0.07065554708242416 -0.007359673734754324 -0.009531139396131039 -0.9998066425323486 0.01718725450336933 -0.0009729739977046847 -0.0708262100815773 -0.016469882801175117 -0.9973524808883667 0.00530665647238493
0.9974315762519836 -0.010322574526071548 -0.0708777904510498 -0.007616834715008736 -0.009169431403279305 -0.999820351600647 0.016575604677200317 -0.0010665105655789375 -0.07103617489337921 -0.015883121639490128 -0.9973469972610474 0.005194135941565037
0.997416079044342 -0.009854388423264027 -0.07116234302520752 -0.007773982360959053 -0.008746779523789883 -0.9998358488082886 0.015859410166740417 -0.0010602169204503298 -0.07130695879459381 -0.015195989981293678 -0.9973384141921997 0.005181725602596998
0.9974164366722107 -0.008944178931415081 -0.07127754390239716 -0.00783777330070734 -0.007896251045167446 -0.9998568296432495 0.014970322139561176 -0.0012028607307001948 -0.07140123844146729 -0.014368820004165173 -0.9973442554473877 0.005808251444250345
0.9974684715270996 -0.006318006198853254 -0.07082881033420563 -0.0077320970594882965 -0.005399325396865606 -0.9998989105224609 0.013154401443898678 -0.000963353319093585 -0.07090476155281067 -0.012738672085106373 -0.9974017143249512 0.005728744436055422
0.997449517250061 -0.006009073927998543 -0.0711224153637886 -0.008039180189371109 -0.0050958991050720215 -0.9999024868011475 0.01301396731287241 -0.0013012540293857455 -0.07119367271661758 -0.012618343345820904 -0.9973827600479126 0.006108157802373171
0.9974676370620728 -0.0045135668478906155 -0.0709780901670456 -0.008144798688590527 -0.003675388637930155 -0.9999217987060547 0.011935142800211906 -0.0012897520791739225 -0.07102642953395844 -0.011644046753644943 -0.9974062442779541 0.006336504593491554
0.9974934458732605 -0.0032534406054764986 -0.07068382203578949 -0.008507858961820602 -0.0024865141604095697 -0.9999372959136963 0.010935381054878235 -0.0013807436916977167 -0.07071495056152344 -0.010732214897871017 -0.9974391460418701 0.0062368493527174
0.9974929094314575 -0.0016284049488604069 -0.07074771821498871 -0.008282903581857681 -0.0009592138812877238 -0.9999545812606812 0.00949177984148264 -0.0014026681892573833 -0.07075995206832886 -0.009400120936334133 -0.9974491596221924 0.006170373875647783
0.9975273609161377 -0.0006576949381269515 -0.07027610391378403 -0.008672216907143593 -0.00017247912182938308 -0.999976396560669 0.006910267751663923 -0.0013218100648373365 -0.07027896493673325 -0.006881059613078833 -0.9975038766860962 0.0061982194893062115
0.9975231289863586 0.0005078322719782591 -0.07033713907003403 -0.008554424159228802 0.0009593140566721559 -0.9999791383743286 0.006385193672031164 -0.0013517180923372507 -0.07033243030309677 -0.006436854135245085 -0.9975028038024902 0.007176804356276989
0.9975437521934509 0.0019323468441143632 -0.07001965492963791 -0.008718697354197502 0.002273751189932227 -0.999985933303833 0.004796463064849377 -0.001362776616588235 -0.07000940293073654 -0.004943888634443283 -0.9975341558456421 0.007724403869360685
0.9975613355636597 0.003223209176212549 -0.06972046941518784 -0.008844575844705105 0.0034675849601626396 -0.9999880790710449 0.003384337294846773 -0.0015416870592162013 -0.06970874220132828 -0.003617845941334963 -0.9975606203079224 0.00808753166347742
0.9975796341896057 0.0044866944663226604 -0.06938797235488892 -0.00894908793270588 0.004615747835487127 -0.9999878406524658 0.0016996542690321803 -0.0014296147273853421 -0.06937950849533081 -0.0020158179104328156 -0.9975882768630981 0.007745328824967146
0.997634768486023 0.00655107107013464 -0.06842513382434845 -0.008997490629553795 0.006486139260232449 -0.9999781847000122 -0.001171073061414063 -0.0013456260785460472 -0.0684313178062439 0.0007244881708174944 -0.9976553916931152 0.007709397003054619
0.997657299041748 0.007731188554316759 -0.06797119975090027 -0.009259497746825218 0.007632631342858076 -0.9999693632125854 -0.0017095733201131225 -0.0014246240025386214 -0.06798233091831207 0.0011867693392559886 -0.9976857900619507 0.008341464214026928
0.9976959824562073 0.009288296103477478 -0.06720413267612457 -0.00932219810783863 0.009071774780750275 -0.9999526739120483 -0.003526311134919524 -0.0013741125585511327 -0.06723369657993317 0.0029085257556289434 -0.9977331161499023 0.008534680120646954
0.9977427124977112 0.010570921935141087 -0.06631515920162201 -0.009469253942370415 0.010243569500744343 -0.9999334812164307 -0.005274401977658272 -0.001417944673448801 -0.06636650860309601 0.004583192057907581 -0.9977846145629883 0.008786434307694435
0.9977834224700928 0.011722516268491745 -0.06550408154726028 -0.00955998245626688 0.011291304603219032 -0.999911904335022 -0.006949319504201412 -0.0016208403976634145 -0.06557979434728622 0.0061942897737026215 -0.9978278875350952 0.008838318288326263
0.9978784322738647 0.01058921404182911 -0.06423786282539368 -0.00970341358333826 0.009956156834959984 -0.9998987913131714 -0.010167017579078674 -0.0013783463509753346 -0.06433901190757751 0.00950588472187519 -0.9978828430175781 0.008338104002177715
0.9978875517845154 0.01228517945855856 -0.06379277259111404 -0.009789044968783855 0.011599614284932613 -0.999871015548706 -0.011106021702289581 -0.0015513523248955607 -0.06392098218202591 0.010342588648200035 -0.9979013204574585 0.009240943938493729
0.9979370832443237 0.012139089405536652 -0.06304106116294861 -0.009817068465054035 0.01133783534169197 -0.9998505115509033 -0.013052262365818024 -0.0016938899643719196 -0.06319008767604828 0.012310586869716644 -0.9979256391525269 0.009107677266001701
0.9979941248893738 0.012376136146485806 -0.06208539754152298 -0.010070513002574444 0.011435468681156635 -0.9998143911361694 -0.015483727678656578 -0.0014563295990228653 -0.06226552277803421 0.014742692932486534 -0.9979504346847534 0.009734994731843472
0.9980420470237732 0.012284682132303715 -0.061328183859586716 -0.01005801372230053 0.011233239434659481 -0.9997845888137817 -0.01745997928082943 -0.0016618979861959815 -0.061529453843832016 0.01673687808215618 -0.9979650974273682 0.00990463886409998
0.9981231093406677 0.011709263548254967 -0.060109179466962814 -0.010345001704990864 0.01042194664478302 -0.9997107982635498 -0.021685337647795677 -0.001485337968915701 -0.06034569814801216 0.02101818285882473 -0.9979565143585205 0.009685537777841091
0.9981623291969299 0.011026774533092976 -0.05958537757396698 -0.010410230606794357 0.00972056295722723 -0.9997072219848633 -0.022167272865772247 -0.0017518512904644012 -0.05981235206127167 0.021547332406044006 -0.9979772567749023 0.010683606378734112
0.9982080459594727 0.010556050576269627 -0.05890042334794998 -0.010412169620394707 0.009122039191424847 -0.9996567964553833 -0.024562373757362366 -0.001905746990814805 -0.05913948267698288 0.023981068283319473 -0.9979617595672607 0.011200171895325184
0.998255729675293 0.010557683184742928 -0.0580865778028965 -0.010465964674949646 0.008986121043562889 -0.9995882511138916 -0.02725050039589405 -0.001919400878250599 -0.05835036560893059 0.026680996641516685 -0.9979395866394043 0.01178356260061264
0.9983233213424683 0.010426945053040981 -0.05693701282143593 -0.01100797951221466 0.008743957616388798 -0.9995197057723999 -0.029728297144174576 -0.002170719439163804 -0.05721964314579964 0.02918059751391411 -0.9979350566864014 0.012103534303605556
0.9983649849891663 0.0129033038392663 -0.05568524822592735 -0.010535264387726784 0.01097946334630251 -0.9993367195129395 -0.03471717610955238 -0.001947572105564177 -0.056096289306879044 0.03404901549220085 -0.9978444576263428 0.011194780468940735
0.9984075427055359 0.011979297734797001 -0.055125702172517776 -0.011187423020601273 0.01003995630890131 -0.9993252754211426 -0.03532378375530243 -0.0023592403158545494 -0.05551167204976082 0.034714072942733765 -0.9978542327880859 0.012346534058451653
0.998435378074646 0.013213828206062317 -0.054333947598934174 -0.011063063517212868 0.011150715872645378 -0.9992116689682007 -0.038100361824035645 -0.002488134428858757 -0.054794564843177795 0.037434883415699005 -0.997795581817627 0.012335374020040035
0.998471736907959 0.014672791585326195 -0.053281866014003754 -0.01132003404200077 0.01250762864947319 -0.9990912675857544 -0.04074452817440033 -0.0025957035832107067 -0.05383128672838211 0.04001583158969879 -0.9977478981018066 0.012390689924359322
0.9985077381134033 0.016088327392935753 -0.05218725651502609 -0.011616348288953304 0.01383846253156662 -0.998970627784729 -0.04318985715508461 -0.002901175757870078 -0.052828408777713776 0.042403217405080795 -0.9977025985717773 0.01263169664889574
0.9985370635986328 0.020531972870230675 -0.05002209544181824 -0.01212859433144331 0.018206926062703133 -0.9987523555755615 -0.04650077596306801 -0.002971613546833396 -0.05091443657875061 0.04552200064063072 -0.9976650476455688 0.012984484434127808
0.9985828995704651 0.01935625821352005 -0.04957381635904312 -0.011957267299294472 0.01696101948618889 -0.9986894130706787 -0.048289693892002106 -0.003276007017120719 -0.05044355243444443 0.047380439937114716 -0.9976024627685547 0.01377521175891161
0.9986183643341064 0.020482352003455162 -0.048392411321401596 -0.012125970795750618 0.018021872267127037 -0.9985489845275879 -0.05074470117688179 -0.0033953459933400154 -0.049361567944288254 0.049802470952272415 -0.9975384473800659 0.013606540858745575
0.9986518621444702 0.021972646936774254 -0.0470283068716526 -0.012479745782911777 0.019463757053017616 -0.9983963966369629 -0.053157251328229904 -0.0034441868774592876 -0.0481208972632885 0.05217024311423302 -0.9974781274795532 0.013886427506804466
0.9986685514450073 0.023897558450698853 -0.04571644216775894 -0.012622729875147343 0.021356116980314255 -0.9982415437698364 -0.05529423803091049 -0.0036544124595820904 -0.046957455575466156 0.05424429476261139 -0.9974228143692017 0.014487527310848236
0.9986796379089355 0.027126992121338844 -0.043624378740787506 -0.012667118571698666 0.024580100551247597 -0.998019814491272 -0.057895004749298096 -0.0038858624175190926 -0.04510851949453354 0.05674627423286438 -0.9973689317703247 0.013380956836044788
0.9986993670463562 0.02714082971215248 -0.04316212981939316 -0.01278683915734291 0.024549685418605804 -0.9979283809661865 -0.0594697929918766 -0.003813020419329405 -0.04468676447868347 0.05833282694220543 -0.9972966909408569 0.014458270743489265
0.9987168908119202 0.028818557038903236 -0.04164231941103935 -0.013221614062786102 0.02623780630528927 -0.9977779388427734 -0.06124487891793251 -0.004104952327907085 -0.043314773589372635 0.060073692351579666 -0.9972537755966187 0.014790422283113003
0.9987214803695679 0.030590828508138657 -0.04024462774395943 -0.013457907363772392 0.028009474277496338 -0.9976071119308472 -0.06321239471435547 -0.004198058973997831 -0.0420820377767086 0.062004342675209045 -0.9971884489059448 0.015313874930143356
0.9987199306488037 0.03216538950800896 -0.039037074893713 -0.013412891887128353 0.02958504483103752 -0.9974488019943237 -0.0649678185582161 -0.004389874637126923 -0.041027192026376724 0.06372974067926407 -0.9971235990524292 0.015539193525910378
0.9987874031066895 0.032725196331739426 -0.03677958622574806 -0.013331067748367786 0.03019573912024498 -0.9972728490829468 -0.06734239310026169 -0.004547130782157183 -0.03888307884335518 0.06615015119314194 -0.9970517158508301 0.015821687877178192
0.9987474083900452 0.03433273732662201 -0.036399323493242264 -0.013658071868121624 0.03178500384092331 -0.9971513748168945 -0.06840088218450546 -0.004503276199102402 -0.03864402696490288 0.06715824455022812 -0.9969936609268188 0.015869606286287308
0.9987739324569702 0.03476903587579727 -0.03523877635598183 -0.013938560150563717 0.03225640952587128 -0.9970587491989136 -0.06952308118343353 -0.0049475920386612415 -0.03755238279700279 0.06830117106437683 -0.9969577789306641 0.01615053229033947
0.9987978339195251 0.0349862240254879 -0.03433509171009064 -0.013828699477016926 0.032479699701070786 -0.9969453811645508 -0.07102669775485992 -0.005004114005714655 -0.03671517223119736 0.06982611119747162 -0.9968832731246948 0.016088619828224182
0.9988362193107605 0.034870825707912445 -0.03332063555717468 -0.013942545279860497 0.03238668292760849 -0.9968506097793579 -0.0723879337310791 -0.005033834371715784 -0.035739921033382416 0.07122454047203064 -0.9968197345733643 0.016484206542372704
0.9989463090896606 0.032472267746925354 -0.032432667911052704 -0.014004952274262905 0.030019257217645645 -0.9968465566635132 -0.07345224171876907 -0.005371912382543087 -0.03471556305885315 0.07240123301744461 -0.996770977973938 0.016727635636925697
0.9989316463470459 0.03372902795672417 -0.0315900482237339 -0.01390017382800579 0.03129824623465538 -0.9967286586761475 -0.07451345026493073 -0.005572413560003042 -0.0339999757707119 0.07344512641429901 -0.996719479560852 0.016789032146334648
0.9989969730377197 0.032720986753702164 -0.030568033456802368 -0.014152047224342823 0.030322013422846794 -0.996654748916626 -0.07589390128850937 -0.005501674488186836 -0.03294909745454788 0.07489088922739029 -0.9966471195220947 0.0169189665466547
0.9990600347518921 0.031475841999053955 -0.029803909361362457 -0.014030790887773037 0.029103636741638184 -0.9966115951538086 -0.07693297415971756 -0.005750960670411587 -0.03212444484233856 0.07599326223134995 -0.9965908527374268 0.016759471967816353
0.9991263151168823 0.03021804802119732 -0.028870070353150368 -0.014174061827361584 0.02789127640426159 -0.9965745210647583 -0.07785330712795258 -0.005948674865067005 -0.031123755499720573 0.07698006927967072 -0.996546745300293 0.01736523024737835
0.9992246627807617 0.02788498066365719 -0.02779322676360607 -0.013900555670261383 0.02564210258424282 -0.9966217279434204 -0.07802454382181168 -0.005908723454922438 -0.02987504191696644 0.0772513672709465 -0.9965640306472778 0.016865240409970284
0.9992557764053345 0.02713010273873806 -0.027420775964856148 -0.014118754304945469 0.02487344853579998 -0.9965219497680664 -0.07953125983476639 -0.006137516349554062 -0.029483096674084663 0.07879001647233963 -0.996455192565918 0.017225367948412895
0.9993035793304443 0.02589452639222145 -0.02686605229973793 -0.013847501948475838 0.02366282418370247 -0.9964897632598877 -0.08029797673225403 -0.006194052752107382 -0.028851032257080078 0.0796063244342804 -0.9964084625244141 0.017665360122919083
0.9993652701377869 0.024266794323921204 -0.02607954852283001 -0.013956704176962376 0.022098183631896973 -0.9965137243270874 -0.08044765889644623 -0.006361897569149733 -0.027940837666392326 0.07982029020786285 -0.9964174032211304 0.01785077154636383
0.9994080066680908 0.02302226424217224 -0.02556654065847397 -0.013599035330116749 0.020890630781650543 -0.996517539024353 -0.08072374761104584 -0.0063328128308057785 -0.02733594924211502 0.08014185726642609 -0.9964085817337036 0.017543969675898552
0.9994669556617737 0.021741241216659546 -0.02435474283993244 -0.013648186810314655 0.019726768136024475 -0.9965914487838745 -0.08010269701480865 -0.00650746887549758 -0.026013260707259178 0.07957956194877625 -0.9964890480041504 0.017782604321837425
0.9995083808898926 0.02020949497818947 -0.02396954782307148 -0.013737587258219719 0.01821543648838997 -0.996573805809021 -0.08067627996206284 -0.006559628061950207 -0.02551785297691822 0.08020000904798508 -0.9964519739151001 0.017642680555582047
0.9995572566986084 0.01871723309159279 -0.023127995431423187 -0.013812591321766376 0.016805335879325867 -0.9966318607330322 -0.08026200532913208 -0.006562224589288235 -0.02455238625407219 0.07983779907226562 -0.9965052604675293 0.017491886392235756
0.9995890855789185 0.017747318372130394 -0.02251082845032215 -0.013572859577834606 0.01589927263557911 -0.9966861009597778 -0.07977347075939178 -0.00656192097812891 -0.023851996287703514 0.07938277721405029 -0.996558666229248 0.01810959167778492
0.9996208548545837 0.017099745571613312 -0.02158188447356224 -0.013812199234962463 0.015344672836363316 -0.9967551231384277 -0.07902001589536667 -0.006636111531406641 -0.022863071411848068 0.07865888625383377 -0.9966394901275635 0.0181988887488842
0.9996452331542969 0.016665242612361908 -0.020775699988007545 -0.013528733514249325 0.015001866966485977 -0.9968560934066772 -0.07779793441295624 -0.0067161209881305695 -0.022006908431649208 0.07745866477489471 -0.9967525005340576 0.017916826531291008
0.9996560215950012 0.016751151531934738 -0.020181430503726006 -0.013503048568964005 0.015144895762205124 -0.9968950748443604 -0.0772717222571373 -0.006716773845255375 -0.021413156762719154 0.07693950086832047 -0.9968057870864868 0.018280556425452232
0.9996669888496399 0.01690971478819847 -0.01949276588857174 -0.013306809589266777 0.015377405099570751 -0.996970534324646 -0.07624390721321106 -0.006834220141172409 -0.020722975954413414 0.0759187638759613 -0.9968984127044678 0.018218394368886948
0.9996774196624756 0.017267413437366486 -0.018626566976308823 -0.013364484533667564 0.015815086662769318 -0.9970219135284424 -0.07548364996910095 -0.006662631873041391 -0.01987449824810028 0.07516472041606903 -0.9969732761383057 0.018109742552042007
0.9996821284294128 0.017909912392497063 -0.017746448516845703 -0.013483621180057526 0.01654399372637272 -0.9970964193344116 -0.07433440536260605 -0.006864523980766535 -0.019026238471269608 0.07401717454195023 -0.9970756769180298 0.017652500420808792
0.9997006058692932 0.017172664403915405 -0.017431331798434258 -0.013215715065598488 0.015844516456127167 -0.9971574544906616 -0.07366478443145752 -0.00673165125772357 -0.01864679716527462 0.07336653769016266 -0.9971308708190918 0.01853213459253311
0.9996904730796814 0.018690045922994614 -0.01641969196498394 -0.013157077133655548 0.017451371997594833 -0.997208833694458 -0.07259052991867065 -0.00671022105962038 -0.0177305880934 0.07228150963783264 -0.997226357460022 0.018355894833803177
0.99970543384552 0.018615396693348885 -0.015574653632938862 -0.013366708531975746 0.017455914989113808 -0.9972853660583496 -0.0715324729681015 -0.00677819550037384 -0.016863981261849403 0.07123953104019165 -0.9973164796829224 0.018329516053199768
0.9997133016586304 0.018513649702072144 -0.015184171497821808 -0.012946724891662598 0.017395421862602234 -0.9973435401916504 -0.07073386758565903 -0.006722506135702133 -0.016453377902507782 0.07044944912195206 -0.9973796606063843 0.01878681406378746
0.9997314810752869 0.018081847578287125 -0.014493315480649471 -0.01300966925919056 0.01702658087015152 -0.9974091053009033 -0.06989357620477676 -0.006678338628262281 -0.015719570219516754 0.0696280375123024 -0.9974490404129028 0.0187622532248497
0.9997749328613281 0.01546736340969801 -0.014519371092319489 -0.013026298023760319 0.014433727599680424 -0.9975274801254272 -0.0687798336148262 -0.007028198800981045 -0.015547312796115875 0.06855478137731552 -0.9975262880325317 0.018462268635630608
0.9997721314430237 0.016445688903331757 -0.013611732982099056 -0.01303867157548666 0.015483982861042023 -0.9975669384002686 -0.06797240674495697 -0.006831797305494547 -0.014696468599140644 0.06774614751338959 -0.9975943565368652 0.018008170649409294
0.9997827410697937 0.01621028035879135 -0.013102241791784763 -0.012990151531994343 0.015293260104954243 -0.9976160526275635 -0.06729357689619064 -0.006704340223222971 -0.014161854051053524 0.06707858294248581 -0.9976472854614258 0.018308360129594803
0.9997938871383667 0.015589194372296333 -0.013007836416363716 -0.013000724837183952 0.014689976349473 -0.9976733922958374 -0.0665733739733696 -0.006700349505990744 -0.014015397056937218 0.06636857241392136 -0.9976967573165894 0.018124740570783615
0.9998006820678711 0.01525600254535675 -0.012878194451332092 -0.013060267083346844 0.014371884986758232 -0.9977059364318848 -0.0661567896604538 -0.006631300784647465 -0.01385793648660183 0.06595851480960846 -0.9977264404296875 0.018373612314462662
0.9998067021369934 0.01470576599240303 -0.013051514513790607 -0.012990112416446209 0.013807810842990875 -0.9976966381072998 -0.06641023606061935 -0.0066610476933419704 -0.013998067937791348 0.06621719151735306 -0.9977067708969116 0.018099768087267876
0.9998065233230591 0.015047303400933743 -0.012669747695326805 -0.013066932559013367 0.014188493601977825 -0.9977619647979736 -0.065342977643013 -0.0066786520183086395 -0.013624629005789757 0.06515057384967804 -0.9977823495864868 0.018698735162615776
0.9998132586479187 0.014443925581872463 -0.01283903606235981 -0.013038250617682934 0.013577367179095745 -0.9977803230285645 -0.06519429385662079 -0.006629888899624348 -0.013752197846770287 0.06500780582427979 -0.9977900981903076 0.01842624321579933
0.9998155236244202 0.014091916382312775 -0.013051586225628853 -0.01302308589220047 0.013214141130447388 -0.9977937936782837 -0.06505914032459259 -0.006636899430304766 -0.013939600437879562 0.06487467885017395 -0.9977959394454956 0.01842915266752243
0.9998089671134949 0.014282582327723503 -0.013343997299671173 -0.013009228743612766 0.013387057930231094 -0.9977990388870239 -0.06494646519422531 -0.0067044636234641075 -0.014242229983210564 0.06475541740655899 -0.9977996349334717 0.018448958173394203
0.9997884631156921 0.015177835710346699 -0.013879436999559402 -0.013019999489188194 0.01424287911504507 -0.9977741241455078 -0.06514571607112885 -0.006792910397052765 -0.014837313443422318 0.06493425369262695 -0.9977792501449585 0.018218930810689926
0.9997881054878235 0.014997745864093304 -0.014099285937845707 -0.013067077845335007 0.014050745405256748 -0.9977850914001465 -0.06502149254083633 -0.006673378404229879 -0.015043231658637524 0.06480961292982101 -0.9977843761444092 0.018435413017868996
0.999779462814331 0.015279650688171387 -0.01440808642655611 -0.01334218680858612 0.014311155304312706 -0.9977773427963257 -0.06508088111877441 -0.006707062944769859 -0.015370476059615612 0.06486032903194427 -0.9977759122848511 0.018675003200769424
0.9997602105140686 0.015904057770967484 -0.01505263987928629 -0.013093392364680767 0.014887887984514236 -0.9977502822875977 -0.06536781042814255 -0.006674610078334808 -0.016058387234807014 0.06512803584337234 -0.9977477788925171 0.0183805450797081
0.9997465014457703 0.01638038456439972 -0.015446501784026623 -0.01323919277638197 0.015334864147007465 -0.997732400894165 -0.0655335858464241 -0.0067172362469136715 -0.01648494228720665 0.06528010219335556 -0.9977306127548218 0.018271449953317642
0.9997263550758362 0.01693970523774624 -0.016131777316331863 -0.013089245185256004 0.01583237387239933 -0.9976634979248047 -0.06645797193050385 -0.006808117963373661 -0.017219867557287216 0.0661843866109848 -0.9976587295532227 0.01846957392990589
0.9997009038925171 0.018032971769571304 -0.01652047596871853 -0.013320603407919407 0.016904447227716446 -0.997671365737915 -0.0660749301314354 -0.006793388165533543 -0.017673535272479057 0.06577589362859726 -0.9976778030395508 0.018517978489398956
0.999676525592804 0.018849801272153854 -0.01707342639565468 -0.013373016379773617 0.017678137868642807 -0.9976396560668945 -0.06635379046201706 -0.00680221151560545 -0.01828388124704361 0.06603049486875534 -0.9976500272750854 0.018438134342432022
0.999657154083252 0.01942295953631401 -0.017558742314577103 -0.01354730874300003 0.018213186413049698 -0.997612476348877 -0.06661338359117508 -0.0068217129446566105 -0.018810652196407318 0.06627074629068375 -0.9976242780685425 0.01855490170419216
0.9996419548988342 0.019567890092730522 -0.01825028844177723 -0.01344508957117796 0.018303195014595985 -0.9975807666778564 -0.06706254929304123 -0.00676296092569828 -0.01951841078698635 0.06670450419187546 -0.9975818395614624 0.01851668581366539
0.9996328353881836 0.019155951216816902 -0.019163893535733223 -0.013131123036146164 0.017820117995142937 -0.9975531101226807 -0.06760147958993912 -0.006851538550108671 -0.02041197381913662 0.06723514944314957 -0.9975281953811646 0.01846456155180931
0.9996268153190613 0.019063247367739677 -0.019564971327781677 -0.013562812469899654 0.017699291929602623 -0.9975510835647583 -0.06766558438539505 -0.006877747364342213 -0.02080698311328888 0.06729405373334885 -0.9975162744522095 0.018492301926016808
0.9996164441108704 0.019153594970703125 -0.02000201679766178 -0.013656937517225742 0.01775110512971878 -0.9975217580795288 -0.06808456778526306 -0.006843246053904295 -0.02125650830566883 0.06770339608192444 -0.9974792003631592 0.01907682605087757
0.9996092319488525 0.018742693588137627 -0.020737357437610626 -0.013524560257792473 0.017283352091908455 -0.9975053071975708 -0.0684434324502945 -0.006847593933343887 -0.02196843922138214 0.06805828213691711 -0.9974393844604492 0.018883593380451202
0.9996006488800049 0.01864546537399292 -0.021234579384326935 -0.013743607327342033 0.017147105187177658 -0.9974912405014038 -0.06868194043636322 -0.006865768693387508 -0.022461913526058197 0.06829039752483368 -0.9974125623703003 0.018906954675912857
0.9995794296264648 0.01871718280017376 -0.022150591015815735 -0.013579250313341618 0.01715022139251232 -0.997474193572998 -0.06893235445022583 -0.0068539888598024845 -0.023384854197502136 0.06852348148822784 -0.9973756074905396 0.018943920731544495
0.9995589852333069 0.01925266720354557 -0.022608013823628426 -0.013596956618130207 0.01764586754143238 -0.997443675994873 -0.06923957914113998 -0.0068187532015144825 -0.0238832738250494 0.0688101127743721 -0.9973435401916504 0.018587730824947357
0.999539852142334 0.019506264477968216 -0.02322988584637642 -0.013651716522872448 0.017851877957582474 -0.9974284172058105 -0.06941216439008713 -0.0068999710492789745 -0.02452411875128746 0.06896553188562393 -0.9973175525665283 0.018544865772128105
0.9995229840278625 0.01967739500105381 -0.02380448766052723 -0.013805409893393517 0.017975492402911186 -0.9974051713943481 -0.06971045583486557 -0.00693131610751152 -0.02511444129049778 0.06924930959939957 -0.9972831010818481 0.018758468329906464
0.9994950890541077 0.020208483561873436 -0.02451976202428341 -0.013717025518417358 0.018448492512106895 -0.997376561164856 -0.06999625265598297 -0.00696058152243495 -0.025869956240057945 0.06950855255126953 -0.9972456693649292 0.018669119104743004
0.9994932413101196 0.019699139520525932 -0.025003546848893166 -0.013810701668262482 0.01791420765221119 -0.9974067211151123 -0.06970696151256561 -0.007070244289934635 -0.02631187252700329 0.06922371685504913 -0.9972540140151978 0.01867329515516758
0.9994671940803528 0.020014893263578415 -0.025783438235521317 -0.013928145170211792 0.018172793090343475 -0.9973957538604736 -0.06979884952306747 -0.006950027775019407 -0.027113303542137146 0.06929310411214828 -0.9972280263900757 0.018621070310473442
0.9994491338729858 0.020019788295030594 -0.02646891586482525 -0.01389461662620306 0.018139168620109558 -0.997418999671936 -0.06947526335716248 -0.006945740431547165 -0.027791472151875496 0.06895686686038971 -0.9972327947616577 0.018817143514752388
0.9994376301765442 0.01977202296257019 -0.02708246000111103 -0.013970548287034035 0.017859674990177155 -0.9974486827850342 -0.06912017613649368 -0.006965651176869869 -0.028380004689097404 0.06859762221574783 -0.9972409009933472 0.01868201047182083
0.9994187355041504 0.019719406962394714 -0.027809107676148415 -0.013828926719725132 0.01776578277349472 -0.9974702596664429 -0.06882879883050919 -0.006943277548998594 -0.029096020385622978 0.06829474121332169 -0.9972407817840576 0.018845031037926674
0.9994072318077087 0.019783638417720795 -0.028174443170428276 -0.014205227605998516 0.017811033874750137 -0.9974837303161621 -0.06862187385559082 -0.006931598298251629 -0.02946113981306553 0.0680793821811676 -0.9972448348999023 0.018427928909659386
0.9993898272514343 0.01959676295518875 -0.02891262248158455 -0.01403448823839426 0.01758432760834694 -0.9975110292434692 -0.06828788667917252 -0.006907375995069742 -0.030178871005773544 0.06773781031370163 -0.9972468614578247 0.01883763074874878
0.9993668794631958 0.019805097952485085 -0.029557015746831894 -0.013957729563117027 0.017755327746272087 -0.9975224733352661 -0.06806999444961548 -0.0068495324812829494 -0.030831921845674515 0.06750209629535675 -0.9972424507141113 0.018750110641121864
0.9993444681167603 0.020422374829649925 -0.029892265796661377 -0.014306395314633846 0.018356526270508766 -0.9975283145904541 -0.06782373040914536 -0.006885941606014967 -0.031203508377075195 0.06723054498434067 -0.9972492456436157 0.01897919550538063
0.9993062019348145 0.021344421431422234 -0.030521320179104805 -0.014188781380653381 0.019239528104662895 -0.9975219964981079 -0.06766923516988754 -0.006906882394105196 -0.031890057027339935 0.06703507155179977 -0.9972406625747681 0.018807830289006233
0.9992730021476746 0.02206653170287609 -0.03108927048742771 -0.014015447348356247 0.019902566447854042 -0.9974682331085205 -0.06827323138713837 -0.006868327967822552 -0.03251710906624794 0.06760483980178833 -0.9971822500228882 0.01821446605026722
0.9992143511772156 0.02401656098663807 -0.031526047736406326 -0.014191634953022003 0.02184334211051464 -0.9974762201309204 -0.06755592674016953 -0.006961741950362921 -0.0330689512193203 0.06681422144174576 -0.997217059135437 0.018947819247841835
0.9991794228553772 0.025060808286070824 -0.031819142401218414 -0.014547190628945827 0.022873153910040855 -0.9974675178527832 -0.0673479437828064 -0.007085603196173906 -0.033426351845264435 0.06656487286090851 -0.9972221851348877 0.01864936575293541
0.9991400837898254 0.025609945878386497 -0.03260786086320877 -0.014172954484820366 0.023367540910840034 -0.9974532127380371 -0.06738496571779251 -0.00698332441970706 -0.03425054997205734 0.06656505912542343 -0.9971938133239746 0.019039995968341827
0.9991183280944824 0.02582184597849846 -0.03310253843665123 -0.014272167347371578 0.023549437522888184 -0.997455358505249 -0.06728991866111755 -0.00696888193488121 -0.03475585952401161 0.0664510428905487 -0.9971840381622314 0.018968557938933372
0.9991409778594971 0.023797202855348587 -0.033925678580999374 -0.01430146861821413 0.021489359438419342 -0.9975323677062988 -0.0668395459651947 -0.007252740673720837 -0.03543255105614662 0.06605309247970581 -0.9971868991851807 0.018270252272486687
0.9990877509117126 0.024546070024371147 -0.03494540974497795 -0.014247875660657883 0.022184817120432854 -0.9975451231002808 -0.06642431020736694 -0.006913058925420046 -0.0364900641143322 0.06558845937252045 -0.9971796274185181 0.01879398338496685
0.9990860223770142 0.02351469360291958 -0.035696327686309814 -0.014512768015265465 0.021127624437212944 -0.9976065158843994 -0.06583602726459503 -0.007032869383692741 -0.03715901076793671 0.06502167880535126 -0.9971915483474731 0.01905636675655842
0.9990676641464233 0.02275387942790985 -0.036689143627882004 -0.014389759860932827 0.020311374217271805 -0.9976377487182617 -0.06562411040067673 -0.006769175175577402 -0.03809567168354988 0.06481771916151047 -0.9971697330474854 0.018931902945041656
0.9990489482879639 0.02205311879515648 -0.03761467710137367 -0.014366651885211468 0.019563689827919006 -0.9976730346679688 -0.06531276553869247 -0.006605560425668955 -0.03896750137209892 0.06451476365327835 -0.9971556663513184 0.018907371908426285
0.9989863634109497 0.02398476004600525 -0.038092177361249924 -0.01399157103151083 0.021494977176189423 -0.9976873397827148 -0.0644780695438385 -0.006476543378084898 -0.03955058380961418 0.06359392404556274 -0.9971916675567627 0.018241288140416145
0.9989950060844421 0.022458897903561592 -0.038788989186286926 -0.014203870669007301 0.019976673647761345 -0.9977986812591553 -0.06323598325252533 -0.006595366634428501 -0.04012381285429001 0.0623975545167923 -0.9972444772720337 0.018983593210577965
0.998954176902771 0.02340971678495407 -0.039275363087654114 -0.013939965516328812 0.020930267870426178 -0.9978318214416504 -0.062395039945840836 -0.006342094391584396 -0.0406508669257164 0.06150774285197258 -0.9972782135009766 0.018790513277053833
0.9989175796508789 0.024656381458044052 -0.03944259509444237 -0.014154527336359024 0.02221677079796791 -0.9978818893432617 -0.0611378438770771 -0.00650407699868083 -0.04086649790406227 0.06019538268446922 -0.9973495006561279 0.018890665844082832
0.9988633990287781 0.026162831112742424 -0.03984174132347107 -0.014220056124031544 0.023734262213110924 -0.9979010820388794 -0.06025400757789612 -0.00628984859213233 -0.041334524750709534 0.059239909052848816 -0.9973878860473633 0.018601298332214355
0.9987570643424988 0.029829399660229683 -0.039931006729602814 -0.013956650160253048 0.027434075251221657 -0.9978667497634888 -0.059246644377708435 -0.006224596872925758 -0.041613101959228516 0.05807753652334213 -0.997444748878479 0.017601577565073967
0.9987320303916931 0.029888968914747238 -0.04050946980714798 -0.014380856417119503 0.027528777718544006 -0.9979592561721802 -0.05761854723095894 -0.0062611703760921955 -0.04214894771575928 0.05643031373620033 -0.9975166320800781 0.01836627535521984
0.9986430406570435 0.03219740837812424 -0.04093138501048088 -0.014271896332502365 0.02986639365553856 -0.9979649782180786 -0.05633861944079399 -0.006090889219194651 -0.04266204312443733 0.055039700120687485 -0.9975724220275879 0.0184793584048748
0.9985326528549194 0.035024166107177734 -0.04130251333117485 -0.014187484979629517 0.032728567719459534 -0.9979493618011475 -0.05500412359833717 -0.005930114071816206 -0.04314429685473442 0.053571637719869614 -0.997631311416626 0.01786636747419834
0.9984339475631714 0.03753793239593506 -0.041479405015707016 -0.014213750138878822 0.03530304133892059 -0.9979512691497803 -0.05335819721221924 -0.006080156192183495 -0.04339737817645073 0.051810286939144135 -0.9977136850357056 0.017945565283298492
0.9983332753181458 0.039677467197179794 -0.04190855473279953 -0.014053067192435265 0.0374838225543499 -0.9979488849639893 -0.051892463117837906 -0.005882110446691513 -0.04388155788183212 0.0502350814640522 -0.9977728128433228 0.017444070428609848
0.9982565641403198 0.04139135405421257 -0.042078398168087006 -0.014333120547235012 0.039242107421159744 -0.9979435205459595 -0.05068041384220123 -0.0057924347929656506 -0.04408960044384003 0.048940807580947876 -0.9978280067443848 0.017951058223843575
0.9981828927993774 0.04280008003115654 -0.04241539165377617 -0.014303231611847878 0.0406918041408062 -0.9979507923126221 -0.04938081279397011 -0.0057169366627931595 -0.04444197192788124 0.047565121203660965 -0.997879147529602 0.018082357943058014
0.9981210231781006 0.0438554622232914 -0.04279216378927231 -0.014186250045895576 0.041782740503549576 -0.9979642629623413 -0.04818512499332428 -0.0055915419943630695 -0.044818222522735596 0.046306610107421875 -0.9979215860366821 0.0177407655864954
0.9980579614639282 0.0449698343873024 -0.04310506209731102 -0.014169544912874699 0.04294103384017944 -0.9979767799377441 -0.04689024016261101 -0.005565601401031017 -0.04512649402022362 0.04494820162653923 -0.9979696273803711 0.017499277368187904
0.9979326725006104 0.047485850751399994 -0.04330622777342796 -0.01412163395434618 0.04548075795173645 -0.9978978633880615 -0.04616640880703926 -0.0055848052725195885 -0.04540744051337242 0.04410136863589287 -0.9979945421218872 0.01828620210289955
0.9978876709938049 0.04825085401535034 -0.043497227132320404 -0.014385740272700787 0.04630732536315918 -0.997929573059082 -0.04463383927941322 -0.00532526383176446 -0.045560792088508606 0.04252531751990318 -0.9980560541152954 0.017653394490480423
0.997760534286499 0.050492167472839355 -0.04386864975094795 -0.014156640507280827 0.048578180372714996 -0.9978652000427246 -0.043652500957250595 -0.005207661539316177 -0.045979101210832596 0.04142368212342262 -0.9980833530426025 0.017651347443461418
0.9976255297660828 0.05303332582116127 -0.04394097253680229 -0.014396525919437408 0.05117272958159447 -0.9977879524230957 -0.04243838042020798 -0.005364737007766962 -0.046094413846731186 0.04008903354406357 -0.998132586479187 0.0179732795804739
0.9974420070648193 0.05617421120405197 -0.04420340433716774 -0.014224950224161148 0.05433797836303711 -0.9976514577865601 -0.041700489819049835 -0.005064192693680525 -0.04644208028912544 0.039191894233226776 -0.9981518983840942 0.01779252663254738
0.9971745014190674 0.06111259385943413 -0.04368375986814499 -0.014420151710510254 0.0593474917113781 -0.9974102973937988 -0.04062230512499809 -0.005159962922334671 -0.04605317860841751 0.037915002554655075 -0.9982190132141113 0.017903804779052734
0.9969967603683472 0.06349702924489975 -0.04433495178818703 -0.014334456995129585 0.061762455850839615 -0.9973107576370239 -0.039456404745578766 -0.005012475419789553 -0.04672108218073845 0.036599673330783844 -0.9982373714447021 0.018838923424482346
0.9967095255851746 0.06764809042215347 -0.044653210788965225 -0.013933885842561722 0.06597625464200974 -0.9971007108688354 -0.037910010665655136 -0.004990514367818832 -0.04708829149603844 0.034839216619729996 -0.9982829093933105 0.018978582695126534
0.9964402914047241 0.07152687758207321 -0.044616784900426865 -0.014111608266830444 0.06995543092489243 -0.9969055652618408 -0.03584212809801102 -0.0048537664115428925 -0.04704241827130318 0.03259335458278656 -0.9983606338500977 0.019545331597328186
0.9960963129997253 0.07593630254268646 -0.04500952735543251 -0.01356103178113699 0.0744858980178833 -0.9966734647750854 -0.03307228162884712 -0.004708141088485718 -0.047371190041303635 0.029590602964162827 -0.998438835144043 0.019255615770816803
0.9956796169281006 0.08165691792964935 -0.04420631006360054 -0.014415957033634186 0.080421581864357 -0.996337890625 -0.02903982624411583 -0.004519457463175058 -0.046415720134973526 0.025359220802783966 -0.9986003637313843 0.01842009648680687
0.9953908920288086 0.08491982519626617 -0.04456028714776039 -0.014450685121119022 0.08378668129444122 -0.9961256980895996 -0.026712413877248764 -0.004193591419607401 -0.0466560535132885 0.022855736315250397 -0.9986495971679688 0.01770484261214733
0.9950249791145325 0.08920364081859589 -0.04436240717768669 -0.014861815609037876 0.08822803199291229 -0.9958236217498779 -0.02348775416612625 -0.003983813803642988 -0.046272311359643936 0.0194568932056427 -0.9987396001815796 0.017110217362642288
0.9946314096450806 0.09354518353939056 -0.04424519091844559 -0.015173796564340591 0.09272891283035278 -0.9954873323440552 -0.020159205421805382 -0.0038737745489925146 -0.04593132436275482 0.01594817079603672 -0.9988173246383667 0.0164162740111351
0.9942543506622314 0.09740234166383743 -0.04439710080623627 -0.015131877735257149 0.09674517065286636 -0.9951688051223755 -0.0167231485247612 -0.003674274543300271 -0.0458114817738533 0.012331858277320862 -0.9988740682601929 0.016300728544592857
0.9937707781791687 0.10238533467054367 -0.04401068016886711 -0.015107444487512112 0.10191827267408371 -0.9947110414505005 -0.012734297662973404 -0.0035222896840423346 -0.0450817234814167 0.008169479668140411 -0.9989497661590576 0.015946272760629654
0.9934526085853577 0.10525037348270416 -0.044432803988456726 -0.015554781071841717 0.10493877530097961 -0.99443519115448 -0.009294449351727962 -0.0037161828950047493 -0.04516378790140152 0.0045708706602454185 -0.9989690780639648 0.015283508226275444
0.9929893016815186 0.10957615822553635 -0.044331323355436325 -0.01594812422990799 0.10941586643457413 -0.9939780235290527 -0.0060334703885018826 -0.0032853446900844574 -0.04472547397017479 0.0011406224220991135 -0.9989988803863525 0.015363924205303192
0.9924693703651428 0.1141013503074646 -0.04455818608403206 -0.0159384086728096 0.11411821842193604 -0.9934648275375366 -0.0021733653265982866 -0.003420207416638732 -0.0445149727165699 -0.0029279023874551058 -0.9990044832229614 0.016295550391077995
0.991889476776123 0.11899836361408234 -0.04466192051768303 -0.016492044553160667 0.11916208267211914 -0.9928745031356812 0.0010119574144482613 -0.0028817118145525455 -0.044223252683877945 -0.006325756665319204 -0.9990018606185913 0.016411427408456802
0.9913583993911743 0.12309423834085464 -0.04534716531634331 -0.016102304682135582 0.12345785647630692 -0.9923357963562012 0.0052964757196605206 -0.0027114672120660543 -0.044347647577524185 -0.01084916852414608 -0.9989572763442993 0.01574794203042984
0.9907687902450562 0.1275693029165268 -0.04586175084114075 -0.016641143709421158 0.12807609140872955 -0.9917299747467041 0.008275050669908524 -0.0024690721184015274 -0.044426821172237396 -0.01407245546579361 -0.9989136457443237 0.015755973756313324
0.990215539932251 0.13147760927677155 -0.046763401478528976 -0.016475064679980278 0.13217030465602875 -0.9911541938781738 0.012029178440570831 -0.002336866455152631 -0.04476816579699516 -0.018092211335897446 -0.9988337755203247 0.015393701381981373
0.9897350072860718 0.13488665223121643 -0.047224920243024826 -0.017036059871315956 0.13577395677566528 -0.9906090497970581 0.01609986275434494 -0.002192047191783786 -0.04460977390408516 -0.022346511483192444 -0.9987545013427734 0.015625130385160446
0.9892487525939941 0.13822565972805023 -0.047755733132362366 -0.017497453838586807 0.1393059939146042 -0.9900461435317993 0.02007126435637474 -0.0019501462811604142 -0.0445060059428215 -0.026508133858442307 -0.9986575841903687 0.01595739834010601
0.9888675212860107 0.14047884941101074 -0.049058303236961365 -0.016990169882774353 0.14183172583580017 -0.9895682334899902 0.02526320517063141 -0.002374466974288225 -0.04499759525060654 -0.03193998709321022 -0.9984762668609619 0.015726078301668167
0.9884089231491089 0.14343853294849396 -0.04973174259066582 -0.01747138798236847 0.1449703723192215 -0.9890201091766357 0.02868189476430416 -0.0012643596855923533 -0.04507160559296608 -0.035559069365262985 -0.9983505010604858 0.016259370371699333
0.9880563020706177 0.14550937712192535 -0.05071264132857323 -0.018099509179592133 0.1472887545824051 -0.9885329008102417 0.03330098092556 -0.0011370584834367037 -0.045285504311323166 -0.04037264734506607 -0.9981579780578613 0.0160974208265543
0.9877400994300842 0.14713014662265778 -0.05217452347278595 -0.01809076778590679 0.14920930564403534 -0.9880571365356445 0.038467757403850555 -0.0009983552154153585 -0.045891642570495605 -0.04578106850385666 -0.9978970289230347 0.015572435222566128
0.9874640703201294 0.14841468632221222 -0.053738150745630264 -0.01856675185263157 0.15079008042812347 -0.9876208305358887 0.04321618750691414 -0.0004015427257400006 -0.04665899649262428 -0.0507776103913784 -0.9976195096969604 0.015509434044361115
0.9873523712158203 0.14819249510765076 -0.05634060502052307 -0.018055908381938934 0.15099835395812988 -0.9873037338256836 0.04929935187101364 -0.0006542986375279725 -0.0483195036649704 -0.057183168828487396 -0.997193455696106 0.015266741625964642
0.9870831966400146 0.14947108924388885 -0.0576639249920845 -0.019057441502809525 0.15257789194583893 -0.9868230819702148 0.05385642126202583 -0.00019354331016074866 -0.04885410517454147 -0.06195900961756706 -0.9968825578689575 0.015116260387003422
0.9868950843811035 0.1499185711145401 -0.05968628451228142 -0.0192274060100317 0.1534060686826706 -0.9864068031311035 0.0588911809027195 0.00020034195040352643 -0.05004607513546944 -0.06727565824985504 -0.9964784383773804 0.015219010412693024
0.9867110848426819 0.15032383799552917 -0.061676863580942154 -0.01921498216688633 0.15421593189239502 -0.9859551191329956 0.06410854309797287 0.000395872222725302 -0.051173578947782516 -0.07276815921068192 -0.996035099029541 0.015132497064769268
0.9864879250526428 0.1508937031030655 -0.06381728500127792 -0.01919882372021675 0.15520216524600983 -0.9854699373245239 0.06900826096534729 0.00030408857855945826 -0.05247707664966583 -0.0779803991317749 -0.9955731630325317 0.015316513366997242
0.9862127304077148 0.15177808701992035 -0.06593836843967438 -0.019605766981840134 0.15647931396961212 -0.984966516494751 0.07318386435508728 0.0008145212195813656 -0.05383935943245888 -0.08249284327030182 -0.9951364994049072 0.015224047005176544
0.9859030246734619 0.1528797298669815 -0.06799273937940598 -0.019719408825039864 0.15797893702983856 -0.9844129085540771 0.07728943973779678 0.0012193056754767895 -0.05511694774031639 -0.08694130927324295 -0.9946874380111694 0.015084548853337765
0.985561192035675 0.1540786623954773 -0.0702061802148819 -0.019581876695156097 0.15961450338363647 -0.9838035106658936 0.08156972378492355 0.0011021161917597055 -0.05650094151496887 -0.09159787744283676 -0.9941917657852173 0.015398906543850899
0.9852358102798462 0.1553592085838318 -0.07192985713481903 -0.020128028467297554 0.16126415133476257 -0.9832241535186768 0.08522505313158035 0.0011134007945656776 -0.057482704520225525 -0.09556648880243301 -0.9937616586685181 0.016180237755179405
0.9848492741584778 0.15680451691150665 -0.07405548542737961 -0.02008778043091297 0.16309596598148346 -0.9826483726501465 0.08832907676696777 0.001433948753401637 -0.05892009660601616 -0.09906898438930511 -0.9933347702026367 0.016201311722397804
0.984420120716095 0.15845918655395508 -0.07620841264724731 -0.020078206434845924 0.16510173678398132 -0.9821047782897949 0.09061973541975021 0.001686956500634551 -0.0604851096868515 -0.10179003328084946 -0.9929654598236084 0.015942227095365524
0.9840137958526611 0.1600576937198639 -0.07809225469827652 -0.020293397828936577 0.1670418679714203 -0.9815486669540405 0.0930585116147995 0.0016698200488463044 -0.061756592243909836 -0.10461553931236267 -0.9925936460494995 0.015416470356285572
0.9835776686668396 0.16172485053539276 -0.08012546598911285 -0.02036122977733612 0.16906149685382843 -0.9809887409210205 0.09528659284114838 0.001768853864632547 -0.0631919652223587 -0.10726790130138397 -0.9922201633453369 0.01517364289611578
0.9831253886222839 0.1635160893201828 -0.08201801776885986 -0.02062925696372986 0.17118509113788605 -0.9804208278656006 0.09731803834438324 0.002057129517197609 -0.06449910998344421 -0.10971608757972717 -0.9918680191040039 0.015129133127629757
0.9827205538749695 0.1649874895811081 -0.08390142023563385 -0.02102736383676529 0.17297764122486115 -0.97993004322052 0.09907422214746475 0.0021216063760221004 -0.06587152183055878 -0.11187534779310226 -0.9915364980697632 0.014550859108567238
0.9823081493377686 0.1664760708808899 -0.08576972782611847 -0.021465729922056198 0.17477434873580933 -0.9794588088989258 0.10056896507740021 0.002186679281294346 -0.0672655999660492 -0.11378006637096405 -0.991226077079773 0.014325644820928574
0.9818809032440186 0.16811366379261017 -0.08745132386684418 -0.022248400375247 0.17673824727535248 -0.9788991212844849 0.1025664433836937 0.002141284989193082 -0.06836320459842682 -0.11616402119398117 -0.9908744096755981 0.01436577457934618
0.9813658595085144 0.16998037695884705 -0.08959761261940002 -0.02225094474852085 0.17893767356872559 -0.9783703088760376 0.10379256308078766 0.0025546520482748747 -0.07001695036888123 -0.117890864610672 -0.9905550479888916 0.013988656923174858
0.980937659740448 0.1714177280664444 -0.09152771532535553 -0.022609148174524307 0.18072794377803802 -0.9778523445129395 0.1055603101849556 0.002521473215892911 -0.07140564918518066 -0.12008968740701675 -0.9901920557022095 0.01287142001092434
0.9804800152778625 0.1730455607175827 -0.09334965795278549 -0.023086855188012123 0.18267805874347687 -0.9773321151733398 0.10700865834951401 0.002790069207549095 -0.07271624356508255 -0.12197279185056686 -0.9898663759231567 0.011455843225121498
0.9799560904502869 0.17478954792022705 -0.09557577967643738 -0.022877927869558334 0.1847827136516571 -0.9768016338348389 0.10823068767786026 0.0032465714029967785 -0.07444098591804504 -0.12372206896543503 -0.9895206689834595 0.010976995341479778
0.979468584060669 0.1764913648366928 -0.09742750972509384 -0.023349424824118614 0.18680168688297272 -0.9762850999832153 0.10941972583532333 0.0035251276567578316 -0.07580538839101791 -0.12537279725074768 -0.9892095327377319 0.010468274354934692
0.9789403080940247 0.17832785844802856 -0.0993734747171402 -0.023660676553845406 0.1889709234237671 -0.9757347106933594 0.11059898138046265 0.003800615668296814 -0.07723924517631531 -0.12704849243164062 -0.988884687423706 0.0100962333381176
0.9783239364624023 0.1805781126022339 -0.10136016458272934 -0.023650338873267174 0.19153949618339539 -0.9751328229904175 0.1114841029047966 0.004386185202747583 -0.07870803028345108 -0.12848204374313354 -0.9885835647583008 0.009107988327741623
0.9778271317481995 0.1823594868183136 -0.1029520332813263 -0.024273093789815903 0.19366690516471863 -0.9745051860809326 0.11328046768903732 0.004186748992651701 -0.0796695351600647 -0.13070711493492126 -0.9882146120071411 0.008161235600709915
0.9773497581481934 0.18416760861873627 -0.10425783693790436 -0.024989496916532516 0.1957443803548813 -0.9739422798156738 0.11454369127750397 0.004519303794950247 -0.08044590055942535 -0.1323571354150772 -0.9879319667816162 0.008607984520494938
0.9769245386123657 0.18542805314064026 -0.10599449276924133 -0.024945460259914398 0.19734928011894226 -0.973452091217041 0.115949846804142 0.0047691441141068935 -0.08168020844459534 -0.13419219851493835 -0.9875835180282593 0.007859253324568272
0.9765003323554993 0.1866471916437149 -0.10774937272071838 -0.02488345094025135 0.1989111751317978 -0.972978949546814 0.11724460870027542 0.005093719810247421 -0.08295449614524841 -0.13592195510864258 -0.9872404336929321 0.0072628650814294815
0.9761122465133667 0.18774192035198212 -0.10935215651988983 -0.025007668882608414 0.20032013952732086 -0.9725512266159058 0.11839151382446289 0.005614021327346563 -0.08412349224090576 -0.1374688446521759 -0.9869277477264404 0.006858909036964178
0.9758211374282837 0.18846899271011353 -0.1106913760304451 -0.025489870458841324 0.20138925313949585 -0.9721047878265381 0.12022904306650162 0.00555904908105731 -0.08494415134191513 -0.13961409032344818 -0.9865560531616211 0.0069419024512171745
0.9756394624710083 0.18861842155456543 -0.1120300367474556 -0.025998268276453018 0.20191118121147156 -0.9717327356338501 0.12234034389257431 0.00529392808675766 -0.08578761667013168 -0.14198018610477448 -0.98614501953125 0.006452338770031929
0.9753965735435486 0.18893396854400635 -0.11360250413417816 -0.0260291937738657 0.2025323212146759 -0.9714877605438232 0.12325683236122131 0.006101319566369057 -0.08707603812217712 -0.14323246479034424 -0.9858511686325073 0.006427753251045942
0.9752554297447205 0.18880793452262878 -0.11501475423574448 -0.026371529325842857 0.20275908708572388 -0.9712299108505249 0.12490591406822205 0.006274748127907515 -0.08812252432107925 -0.14513546228408813 -0.9854797124862671 0.006516090128570795
0.9752064347267151 0.18830330669879913 -0.11625109612941742 -0.02699173614382744 0.20256642997264862 -0.9710867404937744 0.12632378935813904 0.006650616880506277 -0.08910268545150757 -0.14674034714698792 -0.9851539134979248 0.007134977262467146
0.9751805067062378 0.18744783103466034 -0.11783986538648605 -0.02715282514691353 0.20212270319461823 -0.9709334373474121 0.1281972974538803 0.006545162294059992 -0.09038437157869339 -0.14883361756801605 -0.9847229719161987 0.007289146538823843
0.9751990437507629 0.18612387776374817 -0.11976956576108932 -0.026904650032520294 0.2012443244457245 -0.9709045886993408 0.1297890543937683 0.006414271891117096 -0.0921279713511467 -0.15067309141159058 -0.9842816591262817 0.007712996564805508
0.9752632975578308 0.1845664232969284 -0.12164183706045151 -0.02718673087656498 0.2000633329153061 -0.9710303544998169 0.13066883385181427 0.006434634793549776 -0.09400085359811783 -0.151772603392601 -0.9839352369308472 0.009043789468705654
0.9753671288490295 0.18254245817661285 -0.1238434910774231 -0.027597131207585335 0.19845761358737946 -0.9712618589401245 0.13139557838439941 0.006300463806837797 -0.0962992012500763 -0.1527366042137146 -0.9835638999938965 0.010109503753483295
0.9755240678787231 0.17996364831924438 -0.1263560652732849 -0.027688900008797646 0.19628185033798218 -0.9716992378234863 0.1314312368631363 0.006877956911921501 -0.09912724047899246 -0.15301574766635895 -0.9832397699356079 0.010457688942551613
0.9757604002952576 0.17678111791610718 -0.1289963722229004 -0.028038732707500458 0.1936204433441162 -0.9721031188964844 0.13238905370235443 0.006604340393096209 -0.10199388116598129 -0.15415634214878082 -0.9827680587768555 0.010123008862137794
0.9759318828582764 0.17358267307281494 -0.13200753927230835 -0.027943545952439308 0.19091945886611938 -0.9726181030273438 0.13252823054790497 0.006853649392724037 -0.10538831353187561 -0.15454132854938507 -0.9823493957519531 0.009851815178990364
0.9761142134666443 0.1701793521642685 -0.13505560159683228 -0.028095081448554993 0.18805746734142303 -0.9731112718582153 0.13299763202667236 0.006807715632021427 -0.10879071056842804 -0.15521910786628723 -0.9818712472915649 0.009425199590623379
0.9763153195381165 0.1663201004266739 -0.13836902379989624 -0.02848731353878975 0.18472649157047272 -0.9737558364868164 0.1329498440027237 0.007299140095710754 -0.11262542009353638 -0.15536139905452728 -0.9814163446426392 0.009167755022644997
0.9765288829803467 0.1620447188615799 -0.141890287399292 -0.02863997220993042 0.18108458817005157 -0.9743629693984985 0.13351136445999146 0.007225771434605122 -0.1166178286075592 -0.15607184171676636 -0.980837345123291 0.008993052877485752
0.9766355156898499 0.15800437331199646 -0.14566302299499512 -0.028916871175169945 0.17764437198638916 -0.9750041961669922 0.13345088064670563 0.007674208376556635 -0.12093624472618103 -0.1562090963125229 -0.9802922010421753 0.009388405829668045
